0.010403385
0.008940414
0.009002219
0.009072291
0.00894358
0.008737613
0.007998007
0.007001751
0.006896314
0.006839429
0.006771674
0.006832324
0.006867904
0.006851122
0.006667757
0.006647404
0.006696041
0.006662073
0.006691462
0.006664725
0.006781605
0.00648256
0.006548047
0.006728759
0.006678243
0.006661
0.006656586
0.00668375
0.006708093
0.006700486
0.00672397
0.00669647
0.006900303
0.006702242
0.006720811
0.006821839
0.006830559
0.006760447
0.006839017
0.006895094
0.006794831
0.006789089
0.00691568
0.006806877
0.006710897
0.006690123
0.006673094
0.006774508
0.006784037
0.006797707
0.00677691
0.00678922
0.00670955
0.006708748
0.006622864
0.00674781
0.006650799
0.006657345
0.006672504
0.006694507
0.00667631
0.006684812
0.006774799
0.006822054
0.006835242
0.006879932
0.006855698
0.006783278
0.006876083
0.006864424
0.006891072
0.006852534
0.006797342
0.006875729
0.006817992
0.006834624
0.006754332
0.006821897
0.00684952
0.006922273
0.006817413
0.006696817
0.006770375
0.006861192
0.0068375
0.006845477
0.006763479
0.006797891
0.006729069
0.006775117
0.006906725
0.00678668
0.006917706
0.006840513
0.00680838
0.006891105
0.006883855
0.006758883
0.006838436
0.006475716
0.006685077
0.006697582
0.006657826
0.006787842
0.006798118
0.006824674
0.00684622
0.006767699
0.006854687
0.006900792
0.006750371
0.006734494
0.006866554
0.006809037
0.006769648
0.006813789
0.006829937
0.00684658
0.006797376
0.006826112
0.006758778
0.006908524
0.006821742
0.006832201
0.006834627
0.006878349
0.006829634
0.006792849
0.006826108
0.006847055
0.006835756
0.006787437
0.006834195
0.006819045
0.006858038
0.006711107
0.006809604
0.006722275
0.006337088
0.006727953
0.006420717
0.006387114
0.006791143
0.006483539
0.006743871
0.006583619
0.006645074
0.006508766
0.006534967
0.006575821
0.006670682
0.006596341
0.006601836
0.006682288
0.006350052
0.006764345
0.006766395
0.006778887
0.006389398
0.006487131
0.006334875
0.006419819
0.006714854
0.0064256
0.006422993
0.006451331
0.006525883
0.006534087
0.006600217
0.006797206
0.006315938
0.006373387
0.006730628
0.006312029
0.006780749
0.006647447
0.006546262
0.006654705
0.006761798
0.006845684
0.007137189
0.006931758
0.006925723
0.006839343
0.0068253
0.006861172
0.00691474
0.006473733
0.006564771
0.006594157
0.00684937
0.006610219
0.006646314
0.006737398
0.006873322
0.006954009
0.007012643
0.006954057
0.006674191
0.006924301
0.006626046
0.006526355
0.00690544
0.006604779
0.006725578
0.0071983
0.007127262
0.006741513
0.006976797
0.006787881
0.006892336
0.006866289
0.006899679
0.00702874
0.006844006
0.006736445
0.006781249
0.006827325
0.006833948
0.006744693
0.006890121
0.006925393
0.006996661
0.007022749
0.006925629
0.006791114
0.006904935
0.006917539
0.006955802
0.006693273
0.006729944
0.006878705
0.007433682
0.007082429
0.00702443
0.006946331
0.006759862
0.007034228
0.006807158
0.006732523
0.006668822
0.006900868
0.006842936
0.006515555
0.006391732
0.006472345
0.006388858
0.006542685
0.006588949
0.006579811
0.006738916
0.006723934
0.006722656
0.006662147
0.006732423
0.00644885
0.00637453
0.00694233
0.006951045
0.006998559
0.006992959
0.006994936
0.007009434
0.007111781
0.007077244
0.007040756
0.007053128
0.006851364
0.007029428
0.006860086
0.007010885
0.007061561
0.007140372
0.006855195
0.007012795
0.006690826
0.006497407
0.00651719
0.006560021
0.006612876
0.006751062
0.00675273
0.006739772
0.006795136
0.00671273
0.006846055
0.006960827
0.006558902
0.00697079
0.007048679
0.007001007
0.006673683
0.006672968
0.006700641
0.006914554
0.006570527
0.009116582
0.008302212
0.006964285
0.006905963
0.006957886
0.006920519
0.006917361
0.006786571
0.008278138
0.008923427
0.008565164
0.008824897
0.008946308
0.00826471
0.007084075
0.007022793
0.007048263
0.006971833
0.006832295
0.006571341
0.006504629
0.006568014
0.006871524
0.006765598
0.006707029
0.006889383
0.006876085
0.006882079
0.006849828
0.006681282
0.006934307
0.00693076
0.006957861
0.00689522
0.006916824
0.006771853
0.006892235
0.006881518
0.006704481
0.006482746
0.006630924
0.006565176
0.006582289
0.006723025
0.006604804
0.006461755
0.006617465
0.006722425
0.00668454
0.006721691
0.006344996
0.006655377
0.006716552
0.006454744
0.006493542
0.006466247
0.006831052
0.006483035
0.006553498
0.006592739
0.006647527
0.006763047
0.006849699
0.006598479
0.006788305
0.006630203
0.006879023
0.006728891
0.006781025
0.006736189
0.006888903
0.006657351
0.006683429
0.006344857
0.006199164
0.006725981
0.00647375
0.006385093
0.006648368
0.006297417
0.006683265
0.006789109
0.006795442
0.006814124
0.006842878
0.006807841
0.00675587
0.00664578
0.006637883
0.006761522
0.007108999
0.006996698
0.006581501
0.006709029
0.006918031
0.006793317
0.006798653
0.006780998
0.006834232
0.006766099
0.00677746
0.006708073
0.006766778
0.006826888
0.006823703
0.006813093
0.006680329
0.006801119
0.00686826
0.006835363
0.006681274
0.006749724
0.006278763
0.006604882
0.006707489
0.006486564
0.006867862
0.006813539
0.006830757
0.006795774
0.006889425
0.006818803
0.006854348
0.006776676
0.006810938
0.006873092
0.006901317
0.006830566
0.00671848
0.006540154
0.006700848
0.006681211
0.006720135
0.006716523
0.006579759
0.006322272
0.006384101
0.006409895
0.006842578
0.006485035
0.006493047
0.006786323
0.006514185
0.006662716
0.006748503
0.00649982
0.006566079
0.006538381
0.006805587
0.006887453
0.00670738
0.006795943
0.006628769
0.006699817
0.006680559
0.006789257
0.006936545
0.006963171
0.006953124
0.007039138
0.006899269
0.00687787
0.006918548
0.006663591
0.006911895
0.007268911
0.007589148
0.00723628
0.007053028
0.006752497
0.006798881
0.007149253
0.006885212
0.006631991
0.006778527
0.00682759
0.00698239
0.007087734
0.006927997
0.006819182
0.006931451
0.006806063
0.006657169
0.006913099
0.006943952
0.006894782
0.007119822
0.006911091
0.006966843
0.006973851
0.007013112
0.007009309
0.006830586
0.006869799
0.006864883
0.006887831
0.006860913
0.006834439
0.006538119
0.00676748
0.006795771
0.006818833
0.006851223
0.006948565
0.007003378
0.007079695
0.006907703
0.006890988
0.006980818
0.007029695
0.006896236
0.006867916
0.006972888
0.007135977
0.006984456
0.006870708
0.006803593
0.006662762
0.006721626
0.006820975
0.007049825
0.00669111
0.007030377
0.006842194
0.006857366
0.007000944
0.008593149
0.007930221
0.006798172
0.007016118
0.007025876
0.006899354
0.008313705
0.009122696
0.008970993
0.009231175
0.009146918
0.00689566
0.006958818
0.007011408
0.006847618
0.006881409
0.006917538
0.00699015
0.006963967
0.007013052
0.006970119
0.007114725
0.007008743
0.00703687
0.007004366
0.006892504
0.006926847
0.006746339
0.006915216
0.006917806
0.006909484
0.006934177
0.006861726
0.008669295
0.008974215
0.008992718
0.008990386
0.008948228
0.008927031
0.008957195
0.007394547
0.006784964
0.00677047
0.006931641
0.00705252
0.006995989
0.007103193
0.007023581
0.006886972
0.006768112
0.00685535
0.006833015
0.006929725
0.006996537
0.00708215
0.006988989
0.007006516
0.006622207
0.006794841
0.00701297
0.006989309
0.006942425
0.007045933
0.007077727
0.007028739
0.007030272
0.007131986
0.00698837
0.007016709
0.006843748
0.006927838
0.006692653
0.006823458
0.006877151
0.006579593
0.006732002
0.007948721
0.009071873
0.008980777
0.008997462
0.008840777
0.006953438
0.006499201
0.006902197
0.006890916
0.006824886
0.00688907
0.006932681
0.006938016
0.007030937
0.00686361
0.006755264
0.006867128
0.006929986
0.007063801
0.006806428
0.006553578
0.006819021
0.006896913
0.006929257
0.006882604
0.007022822
0.007043689
0.006986664
0.008240324
0.008938638
0.007595503
0.007008251
0.006923618
0.006884888
0.006889845
0.006928066
0.007064751
0.006929407
0.006988402
0.007020108
0.006735691
0.006736017
0.006905161
0.006725657
0.006909847
0.006682469
0.006715445
0.006785281
0.006800873
0.006823847
0.006997506
0.006923547
0.006947159
0.006954818
0.006839758
0.006953046
0.006936418
0.006840246
0.006825155
0.006788268
0.006938941
0.009246255
0.009398481
0.008891334
0.00895099
0.00890493
0.008925943
0.008944498
0.00941437
0.009437536
0.008868117
0.006901289
0.006808924
0.006820775
0.006975297
0.007042414
0.006853681
0.0068475
0.006781927
0.006878526
0.006745767
0.006769263
0.006719516
0.007207555
0.006652724
0.006924903
0.006886658
0.006718045
0.006759553
0.006729707
0.006585655
0.006432397
0.006835243
0.0067253
0.006694022
0.006747421
0.006789817
0.006953387
0.006957532
0.006869705
0.006818469
0.006976989
0.006883218
0.006884712
0.006909113
0.006890666
0.006787505
0.006831919
0.006664701
0.006735841
0.006774111
0.006674342
0.006926666
0.007373084
0.006850992
0.006637876
0.007788021
0.00882729
0.006803918
0.006761775
0.007095762
0.006407735
0.00692912
0.006630675
0.00657892
0.006516023
0.006731274
0.00693155
0.006837499
0.006859958
0.006723236
0.006782692
0.006714914
0.006989466
0.006919569
0.006988862
0.007092253
0.006999635
0.007026841
0.007194574
0.007149065
0.007064253
0.006834714
0.006844301
0.007013218
0.007038439
0.007052776
0.007018731
0.006962766
0.006916759
0.006902204
0.007023935
0.00684874
0.006880646
0.006992967
0.007115778
0.007089065
0.006908735
0.006866627
0.006880569
0.006847648
0.006906245
0.006799968
0.006752098
0.006746656
0.006790221
0.006777177
0.006741572
0.006926265
0.006843122
0.006833485
0.006830897
0.006866786
0.006862344
0.006827982
0.006891292
0.006813291
0.006710235
0.006728231
0.006720619
0.00670794
0.006653563
0.006667329
0.006607324
0.006755196
0.006825557
0.00660713
0.007079471
0.007824586
0.00888495
0.008980646
0.009099595
0.008953428
0.008927997
0.008913717
0.008952453
0.009196529
0.009424051
0.009563292
0.009433814
0.009451271
0.009457184
0.009417663
0.009458348
0.009464164
0.009464668
0.00941939
0.009481586
0.009523581
0.009444698
0.009414022
0.006825948
0.006979503
0.006910255
0.006764718
0.006950236
0.006830089
0.006933476
0.006904373
0.0064669
0.006908261
0.006775594
0.006544119
0.006688422
0.006631924
0.006413202
0.006624888
0.006786588
0.007124556
0.00692865
0.006891855
0.007013189
0.006901785
0.006592921
0.007058324
0.006933915
0.006714124
0.007347828
0.008938429
0.009018504
0.008841276
0.006875583
0.006911304
0.006858425
0.00695491
0.006609948
0.006910781
0.006989391
0.00676038
0.00660448
0.006665651
0.006846787
0.006972273
0.006843787
0.006955402
0.006781577
0.006935301
0.006854452
0.006750978
0.006875683
0.006810681
0.006883456
0.007271829
0.00892241
0.008908976
0.00892103
0.009023532
0.008919802
0.007821963
0.006702651
0.006785831
0.006678136
0.006790379
0.006960112
0.006736431
0.006936897
0.006919075
0.006808539
0.006803997
0.006956525
0.008994672
0.009116089
0.009044684
0.009053966
0.008914896
0.009005381
0.0089313
0.008907747
0.009208741
0.009007333
0.008968531
0.008947651
0.008971039
0.008924466
0.009001878
0.009695792
0.00892497
0.008923515
0.0089259
0.00889556
0.00892856
0.008916056
0.008929233
0.008890715
0.008896573
0.008933302
0.008895983
0.008927441
0.008925914
0.008912557
0.008962919
0.008930272
0.008934393
0.008929086
0.008922221
0.008938578
0.009487261
0.009485592
0.009363387
0.008906111
0.008878478
0.00895699
0.008959628
0.009175262
0.00944735
0.009456582
0.00892318
0.008847059
0.008906747
0.008941421
0.008906775
0.008930343
0.008946958
0.007949154
0.009036151
0.007957068
0.006948329
0.006815147
0.006892446
0.006893667
0.006937387
0.006752748
0.006825162
0.006902304
0.006950941
0.006976937
0.006679136
0.007016664
0.00674272
0.008830233
0.008967959
0.008888486
0.008954606
0.009035273
0.008954599
0.008967191
0.008943537
0.008908607
0.008405208
0.006975415
0.006499719
0.006555724
0.006739258
0.006657985
0.00683885
0.006813551
0.006587965
0.007016074
0.006724858
0.006563651
0.006979941
0.006964765
0.00670644
0.006989369
0.006914027
0.007018942
0.006994662
0.006603232
0.007065464
0.006612015
0.006658043
0.006748925
0.006688926
0.006698129
0.006848107
0.006766287
0.006860378
0.006820295
0.00678592
0.006772243
0.00670557
0.00685596
0.006802258
0.00683609
0.006862997
0.006685842
0.00692834
0.006550668
0.006679793
0.006811657
0.007130626
0.008712548
