0.00132602
0.000940028
0.00069409
0.000620045
0.000619773
0.000620069
0.000626231
0.000626379
0.000619996
0.000619892
0.000619855
0.0006263
0.000631169
0.000626302
0.000620778
0.000626183
0.000619947
0.000619871
0.000619948
0.000635337
0.000619926
0.000619907
0.000619818
0.000627259
0.000637697
0.000629724
0.000620421
0.000626262
0.000619939
0.00061991
0.000620293
0.000632098
0.000620058
0.000619889
0.000619919
0.000626332
0.000619903
0.000620616
0.000667981
0.000620315
0.000690055
0.000620666
0.000619565
0.000619873
0.000625593
0.000626276
0.000619819
0.000619799
0.000619834
0.000626184
0.000623789
0.000619929
0.000619825
0.000626101
0.000619978
0.000619957
0.000619877
0.000630456
0.000619963
0.000619788
0.000619837
0.00062621
0.000624231
0.000643323
0.000620147
0.00062662
0.000619958
0.000619817
0.000619854
0.000667152
0.000619883
0.000619826
0.000619947
0.000619747
0.000619922
0.000619868
0.000636303
0.000619922
0.000619867
0.000619772
0.000626281
0.000619824
0.000624193
0.000619961
0.000626211
0.000619889
0.000619908
0.000626639
0.000660545
0.000620017
0.000619864
0.000620191
0.000626305
0.000619879
0.000619848
0.000623783
0.000626317
0.000619893
0.000619851
0.000619896
0.000626269
0.000623977
0.000620172
0.000619794
0.000626359
0.000619951
0.000619851
0.000620078
0.000643708
0.000619873
0.000619745
0.000626172
0.000623451
0.000619855
0.000624707
0.000626443
0.000620007
0.000619916
0.000619959
0.000628497
0.000638898
0.000620348
0.000619961
0.000626198
0.000619885
0.000619859
0.000619868
0.000631491
0.000619835
0.000619965
0.000619861
0.000626323
0.000619826
0.000624086
0.000620021
0.000653155
0.000626129
0.000643498
0.000634272
0.000627164
0.00062676
0.000620263
0.000626477
0.000619861
0.000619882
0.000620121
0.000631518
0.000619866
0.000619801
0.000619931
0.000626238
0.000680684
0.000625413
0.000626659
0.000619845
0.000620049
0.000619872
0.000626229
0.000624178
0.000620022
0.000619877
0.000630573
0.000619811
0.000619848
0.000619959
0.00063141
0.00062001
0.000620042
0.000619845
0.000626191
0.000619907
0.000628808
0.000620265
0.000626211
0.000620177
0.000619879
0.000619799
0.000633415
0.000623948
0.000620035
0.000619847
0.000626247
0.000620016
0.000647761
0.000624622
0.000641786
0.000620133
0.000619907
0.000626167
0.000648925
0.000620302
0.000620201
0.000626349
0.000619802
0.000619804
0.00061978
0.000631415
0.000620059
0.000620018
0.000619944
0.000626216
0.000619823
0.000619942
0.000628538
0.000626548
0.000619866
0.000619849
0.000619872
0.000626232
0.000624231
0.000624918
0.000620039
0.000626228
0.000619868
0.000619926
0.000620029
0.000631204
0.000622575
0.00062015
0.000619995
0.000626294
0.000619857
0.000623996
0.000626634
0.000619808
0.000619809
0.000619857
0.000626179
0.000623864
0.000619961
0.000619878
0.00065293
0.000619985
0.000620019
0.000619864
0.000635664
0.000619909
0.000619853
0.000619842
0.000626144
0.000619827
0.000624031
0.000620001
0.000626189
0.000619791
0.000619788
0.000619873
0.00063901
0.000620127
0.000619798
0.000619771
0.000626326
0.000619811
0.000642849
0.000651252
0.000620032
0.00061999
0.000626297
0.000656643
0.000623094
0.00063255
0.000620048
0.000626254
0.000619821
0.000619843
0.000619853
0.000638915
0.000620239
0.000619819
0.000619806
0.00062624
0.000619843
0.000619792
0.000623887
0.00062628
0.000619942
0.000619881
0.000619868
0.000657736
0.000620127
0.000619911
0.000626335
0.000620032
0.000619892
0.000623493
0.000630597
0.000619945
0.0006198
0.000619881
0.000626266
0.000619856
0.000620245
0.000623678
0.000626228
0.000619889
0.000619856
0.00061984
0.000626276
0.00062382
0.000620014
0.000619888
0.000626177
0.000619848
0.000619993
0.000619934
0.000630589
0.000619883
0.000619783
0.000620002
0.000629969
0.00061996
0.000660436
0.000626674
0.000619852
0.000619825
0.000619797
0.000626212
0.000624261
0.000619938
0.000619856
0.000626156
0.000619784
0.000619829
0.000619816
0.000630634
0.000619774
0.00064452
0.000620078
0.000626387
0.000619872
0.000623993
0.000619984
0.000626193
0.000623347
0.000620307
0.000619806
0.000630987
0.000620038
0.000619858
0.000619867
0.000626427
0.000742967
0.000622383
0.000642195
0.000620219
0.000620064
0.000626362
0.000619897
0.000619857
0.00062543
0.000626326
0.00061985
0.000620033
0.000619859
0.00062626
0.00064037
0.000620277
0.000619887
0.000632738
0.000619851
0.000619914
0.000619896
0.000632714
0.000619941
0.000619883
0.000619802
0.000626196
0.000619795
0.000627936
0.000620012
0.000626383
0.000619837
0.000619913
0.000619838
0.000658993
0.000620001
0.000620632
0.000626799
0.0006198
0.000619842
0.000619889
0.00063109
0.000623955
0.000619938
0.000620111
0.000626147
0.000619901
0.000624351
0.00062004
0.000626271
0.000619759
0.000620192
0.000619884
0.00063059
0.000619975
0.000619815
0.000619878
0.000626091
0.000619813
0.000619847
0.000623663
0.000626273
0.000619988
0.000619828
0.000619826
0.000628297
0.000623743
0.00062383
0.00062003
0.00062904
0.000619958
0.000619891
0.000619769
0.000639508
0.000619811
0.000619851
0.000626356
0.000619787
0.000619812
0.000624128
0.000626423
0.000643038
0.000619978
0.000619922
0.000626238
0.000624089
0.000619987
0.00062001
0.000626115
0.000619853
0.000619844
0.000619848
0.000634917
0.000619835
0.000619846
0.000619874
0.000626147
0.000619955
0.000623677
0.000619965
0.000626276
0.000620182
0.000619816
0.00061987
0.000630206
0.000619981
0.000619874
0.000619856
0.000626079
0.000619785
0.000619825
0.000623701
0.000626463
0.000619897
0.00061983
0.00061982
0.000629567
0.0006247
0.000620018
0.000619882
0.000619516
0.00061986
0.000619963
0.000630396
0.000619954
0.00061982
0.00061986
0.000626276
0.000619785
0.000643798
0.000625653
0.000670692
0.000619935
0.000619882
0.000619832
0.000626151
0.000624392
0.000620105
0.000619827
0.000626148
0.000619847
0.000624703
0.000619867
0.000630648
0.000619792
0.000621802
0.000626143
0.000619879
0.00061982
0.000623714
0.000626332
0.000620166
0.00061991
0.000619805
0.000626145
0.000623878
0.000619945
0.000619919
0.000626143
0.000619927
0.000619838
0.000619965
0.00063067
0.000619838
0.000619883
0.000619907
0.000630376
0.000619864
0.000623835
0.000619967
0.000626212
0.000619768
0.000619841
0.000619868
0.000630875
0.00061997
0.000619856
0.00064445
0.000626244
0.000619876
0.000619809
0.00066023
0.000619923
0.000619837
0.000619819
0.000626169
0.000620035
0.000636777
0.000620039
0.000626185
0.00062281
0.000619988
0.000620065
0.000631265
0.000620092
0.000620027
0.000619983
0.000626148
0.000619856
0.000619978
0.000624754
0.000626577
0.000619878
0.000619971
0.000619791
0.000626215
0.000623803
0.00061989
0.000619847
0.000626187
0.000619909
0.000620001
0.000619959
0.000630657
0.000619809
0.000624618
0.000619936
0.000626197
0.000619855
0.000624343
0.000619941
0.000626126
0.000619864
0.000619868
0.000619831
0.000656493
0.000620106
0.000619957
0.00062628
0.000619851
0.00061988
0.000619743
0.000630792
0.000619846
0.000619846
0.000620065
0.000626311
0.00061983
0.000623965
0.000620084
0.000630683
0.000619894
0.000620077
0.000619802
0.000641441
0.000620208
0.000619913
0.000619811
0.00062617
0.000619834
0.000619842
0.000623975
0.000626578
0.000619958
0.00061978
0.000619877
0.000626216
0.000623642
0.00062001
0.000619839
0.000626215
0.000620069
0.000619899
0.000620048
0.000634712
0.000621779
0.000619843
0.000626225
0.000619881
0.000622252
0.000624216
0.0006263
0.000648767
0.000620082
0.00061988
0.000626384
0.000624074
0.000620059
0.000619856
0.000626173
0.000619919
0.000619907
0.000619879
0.000630422
0.000619826
0.000619879
0.000620164
0.00062622
0.000619928
0.000627593
0.000623886
0.000664522
0.000619949
0.000619857
0.000626133
0.000624332
0.000619954
0.000619993
0.000626339
0.000619797
0.000619785
0.000619954
0.000640694
0.000620005
0.000619942
0.000619872
0.000626339
0.000619884
0.000638384
0.000620259
0.000626265
0.000619799
0.000619949
0.00061976
0.000635467
0.000620137
0.00061983
0.000619801
0.000626251
0.000619787
0.000653522
0.000626783
0.000619838
0.000619865
0.000619802
0.000626135
0.000619796
0.000624062
0.00062004
0.000626279
0.000619796
0.000619822
0.000619824
0.000657081
0.000620186
0.000619891
0.000620152
0.000626085
0.000625174
0.000619891
0.000624591
0.000626273
0.000619916
0.00061985
0.000619802
0.000626109
0.000644259
0.000620208
0.000619883
0.000619778
0.000619916
0.000619896
0.000450767
0.000397695
0.000376094
0.000368337
0.000362561
0.000383437
0.000368285
0.000368081
0.000362565
0.000382106
0.000375342
0.000377649
0.000383839
0.00038401
0.000390493
0.000368272
0.000383821
0.00037147
0.000465887
0.00037066
0.00034721
0.000319918
0.000364608
0.000372363
0.000383852
0.000374183
0.00039739
0.000389398
0.00038939
0.000383842
0.000373107
0.000393944
0.000348391
0.000341242
0.000347424
0.000347167
0.000341209
0.000346882
0.000346846
0.000320057
0.000342548
0.000346691
0.000321153
0.00032661
0.000341589
0.000341186
0.000344929
0.000335452
0.000321116
0.000325682
0.000346686
0.00031991
0.000325376
0.000346733
0.000344041
0.000341235
0.000337289
0.000346974
0.000362566
0.000376303
0.000383623
0.000345551
0.000374412
0.000342676
0.000347485
0.000341259
0.000347199
0.00040678
0.000392753
0.000330159
0.00032639
0.000340582
0.000319945
0.000325818
0.000325365
0.000322907
0.000341889
0.000331396
0.00034123
0.000351148
0.00038958
0.000458962
0.00035452
0.000341245
0.000335112
0.000347022
0.000341206
0.000347353
0.000346839
0.000341221
0.000401417
0.000326086
0.000321568
0.000327022
0.000326321
0.000320081
0.000325434
0.000325873
0.000321546
0.000325602
0.000334307
0.000321434
0.000405864
0.000336076
0.000346822
0.000341217
0.000399772
0.000364924
0.000341185
0.000356626
0.000356999
0.000406561
0.000341274
0.000348008
0.000342251
0.000319884
0.000368183
0.000325962
0.000323259
0.000326666
0.000325945
0.000320088
0.000325635
0.000326442
0.000319912
0.000335043
0.000332916
0.000321071
0.000325793
0.000326406
0.000321147
0.000331259
0.000363766
0.0003429
0.000355159
0.000336305
0.000348779
0.000362516
0.000389562
0.000389386
0.000351284
0.000319897
0.000346698
0.000344309
0.000319881
0.000337723
0.000332717
0.000319902
0.000349558
0.000346872
0.000341226
0.000397276
0.000392791
0.000348854
0.000341235
0.000340201
0.000346822
0.000341229
0.000342365
0.000336776
0.000341222
0.000347142
0.000346881
0.000347924
0.000341187
0.000346909
0.000346804
0.000341203
0.000349229
0.000346844
0.000341243
0.000349565
0.000332871
0.000341189
0.000346775
0.000414464
0.000368463
0.000383843
0.00038936
0.000354584
0.000346956
0.000319893
0.000349487
0.000381446
0.000389594
0.000444924
0.00035162
0.00033555
0.000348201
0.000341195
0.000347089
0.000346917
0.000341192
0.000330083
0.000369766
0.000391582
0.000352011
0.000398562
0.000391775
0.000389634
0.000383981
0.000389499
0.000420725
0.000358589
0.000319922
0.000343907
0.000333309
0.000341219
0.000346852
0.000325483
0.000341203
0.000346261
0.000336313
0.000325424
0.000341206
0.000349419
0.000348015
0.000341214
0.000379298
0.00034699
0.00034122
0.000346915
0.000336674
0.000346704
0.000342999
0.000346854
0.000328055
0.000341208
0.000325616
0.000346838
0.000341216
0.000384614
0.000332735
0.000335337
0.000344048
0.000346977
0.000319869
0.000345113
0.000385361
0.000410921
0.000341215
0.000348438
0.000372078
0.000721793
0.000334435
0.000469418
0.000465012
0.000373565
0.000319875
0.000340748
0.000346872
0.000328872
0.000351001
0.000346874
0.000341193
0.000343677
0.000346791
0.000349889
0.000358081
0.000351047
0.000342307
0.000319897
0.000347184
0.000346698
0.000319891
0.00034738
0.000346754
0.000341262
0.000346861
0.000346793
0.000357954
0.000383827
0.000389589
0.000359531
0.000347324
0.000346508
0.000347051
0.000346968
0.000342652
0.000344582
0.000433258
0.000343019
0.000319892
0.000344804
0.000346961
0.000341196
0.000352139
0.000352049
0.000341238
0.000325549
0.000346775
0.000341208
0.000349108
0.000350089
0.000345833
0.000341225
0.000352137
0.000346885
0.00034119
0.000423473
0.000385623
0.000333697
0.000341201
0.000341692
0.000370335
0.000341209
0.000347112
0.000346743
