0.101410485
0.058272446
0.057710274
0.057935504
0.058259411
0.060327434
0.057921649
0.057136033
0.057108624
0.057911542
0.057729885
0.058892032
0.057649027
0.057454784
0.06247206
0.073609023
0.073661159
0.073249206
0.073154676
0.073091886
0.07386108
0.073751158
0.073170571
0.07348896
0.073218891
0.07353631
0.073967842
0.07598158
0.074406225
0.126756056
0.139651911
0.140034303
0.139984617
0.139887528
0.139916336
0.140111713
0.077480043
0.074300616
0.073646265
0.073109115
0.072920991
0.07354122
0.073981111
0.073010283
0.073033576
0.073443182
0.073971499
0.074027527
0.072861796
0.076094823
0.073142621
0.072973249
0.074093019
0.074375379
0.074127256
0.075700984
0.074488377
0.072937867
0.072953873
0.072670348
0.07391989
0.073401883
0.074211665
0.073655777
0.073535923
0.074017175
0.073987095
0.073399127
0.073544021
0.074118646
0.074352958
0.072843465
0.073037934
0.073102887
0.073867177
0.072870345
0.074388115
0.073672454
0.073283763
0.07306144
0.07335751
0.073358269
0.073250392
0.073045919
0.07332404
0.073108436
0.073934697
0.073804454
0.073409097
0.072742518
0.076005321
0.073116517
0.072131176
0.072791479
0.076230147
0.074072612
0.073766373
0.073000327
0.073616701
0.073068719
0.072994291
0.073176452
0.073741603
0.07435777
0.073763606
0.076722923
0.074238106
0.073683341
0.074099921
0.073794787
0.073460318
0.074588087
0.072965495
0.072918705
0.073690074
0.073546638
0.074196756
0.074235674
0.073228636
0.088650827
0.137633009
0.140374454
0.109857475
0.072546039
0.073689715
0.073449125
0.074061211
0.072475013
0.073988837
0.073192438
0.072639617
0.07393586
0.072518093
0.07381156
0.073254009
0.074551248
0.074218396
0.074001644
0.073077431
0.073374198
0.074262982
0.074144663
0.075283313
0.074342341
0.073305027
0.073879503
0.07405739
0.082653941
0.076996785
0.075103769
0.0735287
0.073299913
0.074005668
0.074223988
0.074657141
0.075821311
0.07442678
0.073862909
0.073971842
0.073752149
0.073601489
0.073303659
0.135690169
0.137177315
0.137079331
0.136991338
0.112696426
0.073705198
0.074110275
0.074540895
0.073722267
0.073759549
0.075515117
0.073988244
0.074431019
0.074409581
0.074997253
0.075160068
0.07391375
0.075832357
0.074206573
0.074266934
0.074683806
0.075077901
0.074327319
0.073877539
0.076035887
0.074918779
0.075054699
0.07602591
0.091517923
0.140181989
0.081358188
0.076984449
0.13822685
0.139684389
0.137766977
0.138290462
0.141166408
0.105169068
0.106403362
0.090764741
0.116245506
0.077295173
0.076985591
0.116880122
0.092684182
0.116753696
0.116315733
0.138342005
0.138271676
0.117167731
0.077221601
0.117320617
0.078704518
0.077896354
0.078737153
0.116849138
0.07783893
0.077526273
0.124027258
0.142370754
0.139255326
0.131668521
0.094587751
0.079112106
0.113009281
0.116012568
0.138646172
0.13809063
0.138498192
0.126477485
0.143052002
0.139299447
0.140175562
0.142078604
0.139338314
0.140208203
0.138677761
0.137979915
0.140277046
0.137966609
0.137650302
0.138717001
0.091255799
0.116635539
0.098443303
0.117185744
0.077137846
0.077751711
0.096490267
0.122932901
0.138053315
0.141431639
0.152755318
0.15840295
0.147747463
0.14164579
0.138993491
0.114223508
0.14226095
0.116357636
0.108261248
0.07674303
0.118247686
0.133755057
0.100421226
0.106077738
0.087074203
0.138280444
0.095921414
0.129699538
0.138327223
0.138526851
0.138305231
0.138047372
0.138474208
0.133119967
0.132841886
0.093442417
0.097200286
0.140916638
0.139601861
0.139128699
0.139273799
0.141653553
0.126542591
0.143156782
0.139194205
0.13775109
0.109100341
0.140284809
0.140329529
0.126432462
0.105319701
0.073126154
0.075531969
0.07588071
0.076533285
0.116905768
0.076051354
0.078744045
0.084481591
0.077600877
0.074312985
0.074244177
0.076523962
0.069130536
0.06280939
0.05887685
0.058187007
0.058013591
0.065165781
0.060527926
0.062783651
0.061118112
0.060604028
0.060649204
0.079038345
0.059586815
0.090531227
0.072139393
0.05847007
0.059351151
0.060488316
0.059589238
0.063780609
0.074875413
0.074876883
0.074868067
0.074750065
0.073497696
0.075865737
0.074897419
0.077049274
0.075983079
0.074843031
0.074679367
0.074048534
0.07400537
0.077164361
0.074451232
0.073430298
0.072958297
0.07533403
0.074799413
0.074593645
0.073870282
0.074500562
0.073467143
0.073548963
0.072837745
0.075644251
0.074632057
0.074735421
0.07458936
0.075525603
0.073491027
0.0735188
0.075969074
0.074895024
0.073663039
0.07318727
0.073187625
0.07469869
0.073792391
0.073364683
0.074877722
0.075284853
0.073392371
0.073324724
0.073201974
0.07312463
0.077046643
0.07920342
0.078065725
0.079722493
0.074140824
0.075127504
0.074777664
0.07361457
0.0739148
0.074851636
0.073716598
0.073095328
0.074365332
0.075457904
0.077530687
0.073356497
0.074399267
0.090285045
0.137827014
0.137726198
0.106878615
0.076679316
0.074260125
0.075067201
0.107190086
0.086496691
0.077127482
0.078750357
0.078158736
0.077812648
0.07811647
0.077777056
0.077853542
0.077563257
0.07770063
0.077534852
0.09130064
0.116876433
0.074264013
0.09389181
0.099285288
0.147927026
0.159305614
0.159428234
0.12813674
0.16033196
0.136092966
0.106653896
0.143333198
0.118108531
0.140703361
0.120615555
0.077573505
0.079315047
0.090609751
0.105343294
0.078046262
0.076139165
0.077984262
0.118646276
0.079972431
0.130267497
0.116428331
0.128021636
0.14209149
0.13367113
0.139752777
0.127825402
0.101676499
0.098691912
0.091682087
0.10376486
0.129756229
0.139059743
0.139163421
0.139963887
0.124306555
0.118320668
0.133892196
0.081611615
0.135179039
0.12498129
0.117081182
0.107887497
0.078095011
0.146367831
0.122274106
0.140908826
0.138991743
0.143041138
0.09264698
0.094312187
0.150775505
0.154395933
0.157150736
0.128540723
0.094376433
0.116319881
0.114677046
0.138717587
0.139301587
0.144474823
0.089241792
0.111437249
0.093040128
0.140093688
0.125302366
0.07808665
0.078300245
0.088507792
0.108812158
0.07829983
0.085886669
0.078056911
0.076479776
0.078024196
0.129086196
0.09515425
0.075803175
0.074222366
0.074770429
0.078194402
0.076269286
0.077537793
0.074902703
0.075858947
0.074763406
0.078030167
0.075194708
0.077356916
0.075616902
0.075786768
0.07468205
0.07532946
0.080211255
0.079308077
0.074990417
0.07537125
0.074751414
0.07508843
0.076216412
0.076939084
0.080354278
0.075269737
0.074936449
0.074524749
0.074490124
0.078053208
0.074844378
0.074831137
0.074461292
0.075416339
0.075238083
0.074450914
0.075786303
0.075355483
0.074947995
0.07422645
0.077068054
0.075225016
0.075232767
0.075597849
0.074104788
0.074159708
0.074231306
0.073851374
0.073939405
0.074946373
0.075554242
0.07720341
0.076841561
0.075439977
0.074974738
0.075572051
0.075079805
0.07556172
0.076318842
0.074689054
0.074192487
0.074098212
0.074673125
0.077159544
0.076629702
0.077252266
0.07657038
0.075731045
0.075178152
0.075491613
0.076397191
0.076706578
0.075857876
0.074363897
0.074242879
0.074355995
0.075381785
0.07495969
0.075779317
0.075785968
0.074554387
0.076377543
0.077895587
0.076188101
0.075967032
0.075836012
0.074644874
0.074984207
0.075919751
0.075882301
0.076454897
0.076328221
0.074154014
0.075198351
0.076724552
0.074465079
0.074087339
0.073952222
0.073907251
0.073704722
0.07421524
0.074269841
0.074287501
0.075317343
0.075396527
0.074510532
0.073634473
0.079090967
0.076015448
0.07542654
0.076229334
0.07595158
0.077303162
0.076610543
0.076077246
0.076121845
0.076377843
0.075435592
0.075049686
0.126206831
0.079112981
0.078225633
0.077886357
0.077182732
0.077591224
0.093335191
0.138206798
0.138750638
0.138929536
0.099319629
0.078370943
0.09081527
0.102698499
0.075998932
0.075889237
0.075464811
0.075484376
0.076231946
0.076477904
0.07654252
0.075608963
0.075455814
0.074559959
0.101920249
0.118930861
0.138610327
0.132318774
0.081673505
0.07891376
0.082339069
0.079106814
0.114742242
0.08584193
0.141033754
0.138247176
0.137843188
0.089248145
0.075101363
0.079101299
0.076343286
0.076112682
0.076466203
0.07488748
0.074558326
0.074628904
0.073870822
0.075311714
0.129589398
0.078481574
0.077795978
0.0777945
0.078499387
0.081603741
0.153546599
0.157666307
0.149111672
0.100630262
0.132896275
0.079611512
0.080261136
0.118567174
0.078524587
0.11747725
0.078620625
0.090003546
0.107064139
0.073967265
0.073969072
0.076485269
0.076731404
0.090261031
0.111845319
0.077112139
0.074868969
0.075231577
0.073755178
0.075395434
0.075003722
0.075175797
0.075942475
0.075299653
0.075547231
0.075400167
0.074371148
0.074823876
0.078609876
0.075260869
0.088660214
0.130520831
0.138535364
0.138779801
0.138474388
0.13848317
0.139155527
0.139022318
0.1126059
0.084579851
0.109527595
0.074499597
0.074188351
0.074889033
0.07531964
0.074166499
0.077654636
0.078756752
0.081611243
0.073963845
0.073615795
0.07442999
0.075277033
0.073789416
0.073890814
0.073718828
0.073820209
0.073776774
0.074067146
0.076266207
0.082212615
0.109220858
0.137844807
0.137751658
0.139683261
0.099700371
0.07412118
0.073735385
0.073688184
0.073626295
0.074436658
0.074755168
0.074008472
0.074021835
0.073831453
0.073745823
0.074114285
0.074552409
0.074101888
0.074584488
0.076068967
0.074431656
0.074486812
0.076067997
0.074878971
0.07533483
0.076847627
0.075848684
0.075028746
0.076349841
0.074950245
0.075010877
0.074971236
0.074512286
0.074415545
0.074586584
0.074601785
0.074415718
0.074808261
0.075383575
0.074951718
0.075536547
0.074976464
0.074262051
0.074698927
0.074555156
0.075417881
0.07579325
0.074797071
0.074603152
0.074962114
0.074926925
0.075857517
0.075314659
0.076506954
0.076737404
0.076437088
0.076651152
0.076449852
0.075730585
0.061433354
0.059366823
0.059546724
0.060915695
0.059222435
0.059100455
0.069650623
0.059268339
0.058393376
0.058193161
0.064428741
0.060606776
0.060358731
0.058262151
0.058063703
0.058995906
0.059323085
0.059331001
0.058362893
0.058414025
0.059812002
0.059298264
0.058590533
0.074243947
0.089938068
0.058000466
0.05878887
0.100942441
0.05803847
0.059397441
0.060489824
0.058469699
0.059656915
0.060971264
0.058473146
0.05872307
0.058953133
0.059216633
0.059467485
0.060055384
0.059276431
0.05920951
0.058995187
0.058483062
0.058560379
0.059950054
0.058941104
0.058150486
0.057813591
0.060627177
0.060476607
0.059680689
0.061177127
0.059694307
0.059192656
0.060086939
0.057961677
0.062316772
0.061423585
0.061969687
0.104061078
0.109100325
0.113788614
0.113778045
0.113745284
0.114138364
0.082535075
0.060931286
0.060385556
0.059142197
0.079203072
0.08370332
0.060320995
0.059934246
0.060361814
0.060408667
0.061442801
0.068200876
0.095603277
0.114600149
0.068779497
0.0616032
0.060072041
0.101519281
0.065898512
0.117050216
0.114966767
0.114720523
0.114741727
0.11474827
0.114755999
0.115584677
0.070628411
0.11292631
0.096205085
0.058734292
0.058984094
0.058298374
0.061110831
0.058303876
0.060635825
0.077036244
0.118924945
0.118751181
0.120157821
0.118532015
0.119972035
0.125234377
0.122299585
0.125168564
0.116645792
0.098602781
0.117552547
0.116705171
0.114032627
0.070856735
0.060671305
0.060142726
0.059249883
0.05973238
0.076168174
0.084902526
0.060552955
0.060306429
0.061085849
0.087435834
0.10897025
0.087733518
0.094979306
0.057747159
0.05768141
0.058213788
0.060127361
0.058195257
0.057819874
0.057887524
0.061511182
0.057751797
0.058077835
0.0617495
0.059513814
0.058416236
0.057776068
0.104127877
0.092154946
0.082342217
0.115996193
0.11598674
0.116005166
0.125576218
0.116198857
0.116293437
0.096620775
0.057603554
0.060597523
0.060165077
0.057365664
0.059381108
0.060903715
0.057861398
0.057765239
0.058072744
0.059729335
0.057458355
0.05991344
0.062899141
0.058433769
0.058031211
0.057854004
0.10030482
0.102937031
0.113352091
0.113869601
0.11536245
0.11599177
0.118549101
0.102839774
0.097487819
0.118612981
0.101677483
0.105619964
0.114522241
0.114820351
0.1188727
0.114039422
0.114661313
0.110637496
0.114882839
0.0744467
0.060834892
0.058128957
0.057399345
0.06042076
0.058018027
0.057858239
0.057847042
0.069871395
0.058301114
0.059911493
0.063770701
0.060287624
0.069769232
0.058995944
0.061852899
0.063095083
0.059096357
0.058358291
0.06288441
0.06123284
0.061341743
0.064013309
0.059958715
