0.000121506
0.000144189
0.000122293
0.000098206
0.000152734
0.000165233
0.000132210
0.000083691
0.000157744
0.000076346
0.000093969
0.000103518
0.000147683
0.000165065
0.000113338
0.000155073
0.000115508
0.000114219
0.000136520
0.000097575
0.000081717
0.000141107
0.000190291
0.000083222
0.000093138
0.000104108
0.000126095
0.000115522
0.000079885
0.000124482
0.000102013
0.000099017
0.000158921
0.000148716
0.000075889
0.000100484
0.000120419
0.000150636
0.000149303
0.000091604
0.000160530
0.000080187
0.000092701
0.000084515
0.000093231
0.000099762
0.000118370
0.000166157
0.000090538
0.000096556
0.000108935
0.000082040
0.000091734
0.000097919
0.000198755
0.000097204
0.000128651
0.000087953
0.000097295
0.000100106
0.000094714
0.000094669
0.000096339
0.000102557
0.000092061
0.000097642
0.000693276
0.000096876
0.000080971
0.000098479
0.000093327
0.000078831
0.000100080
0.000151246
0.000093856
0.000149486
0.000286001
0.000089271
0.000178846
0.000099231
0.000141740
0.000084821
0.000106981
0.000085735
0.000201382
0.000196037
0.000079126
0.000098612
0.000228490
0.000080247
0.000122127
0.000304909
0.000086607
0.000141125
0.000162962
0.000201130
0.000088769
0.000075725
0.000119638
0.000176608
0.000103685
0.000169246
0.000106695
0.000087970
0.000076885
0.000103195
0.000097522
0.000087135
0.000092084
0.000131122
0.000203309
0.000082834
0.000068075
0.000456738
0.000129970
0.000087563
0.000173111
0.000105997
0.000197483
0.000097833
0.000094301
0.000094400
0.000136094
0.000109896
0.000094847
0.000111329
0.000124240
0.000238977
0.000084900
0.000134856
0.000220413
0.000136001
0.000075086
0.000072463
0.000089455
0.000104103
0.000089882
0.000158495
0.000182481
0.000208839
0.000122990
0.000080890
0.000107182
0.000080834
0.000092937
0.000134206
0.000096902
0.000098856
0.000097465
0.000421626
0.000088138
0.000081655
0.000090671
0.000117295
0.000134972
0.000138862
0.000146570
0.000094304
0.000092232
0.000089499
0.000085870
0.000084562
0.000171120
0.000112017
0.000103270
0.000462505
0.000095607
0.000082938
0.000089416
0.000081344
0.000102137
0.000122785
0.000095224
0.000115780
0.000150118
0.000093215
0.000089468
0.000103862
0.000457590
0.000109276
0.000077923
0.000095298
0.000094826
0.000094380
0.000111036
0.000095968
0.000100731
0.000104815
0.000111126
0.000101873
0.000112079
0.000092369
0.000103130
0.000096040
0.000112683
0.000104441
0.000112008
0.000100319
0.000091153
0.000110876
0.000405295
0.000100831
0.000118377
0.000099722
0.000149780
0.000106758
0.000096431
0.000081068
0.000113109
0.000109866
0.000096679
0.000072630
0.000084516
0.000084629
0.000088299
0.000106836
0.000094310
0.000090864
0.000095023
0.000089545
0.000085488
0.000116627
0.000112239
0.000082192
0.000077562
0.000141729
0.000106781
0.000072328
0.000089684
0.000085233
0.000182064
0.000140796
0.000102277
0.000105703
0.000086077
0.000120880
0.000103546
0.000127598
0.000105719
0.000093902
0.000078882
0.000097813
0.000108356
0.000512211
0.000139916
0.000116595
0.000227230
0.000207627
0.000731633
0.000138528
0.000128435
0.000161518
0.000222172
0.000102777
0.000150415
0.000156725
0.000103746
0.000178346
0.000103080
0.000102742
0.000115205
0.000128815
0.000104106
0.000116458
0.000104081
0.000109844
0.000113090
0.000115960
0.000118154
0.000101030
0.000137440
0.000110398
0.000176171
0.000115515
0.000115815
0.000107859
0.000144603
0.000117500
0.000095269
0.000122634
0.000087864
0.000115291
0.000079230
0.000082702
0.000119310
0.000089577
0.000121678
0.000088665
0.000112710
0.000106907
0.000089560
0.000105637
0.000113641
0.000088099
0.000095084
0.000100908
0.000085340
0.000101577
0.000090844
0.000092858
0.000091202
0.000088922
0.000244851
0.000463816
0.000087645
0.000130451
0.000157985
0.000147212
0.000100081
0.000101035
0.000115849
0.000105533
0.000115351
0.000079849
0.000095367
0.000092222
0.000089882
0.000106231
0.000088868
0.000086805
0.000234952
0.000106470
0.000094442
0.000100690
0.000136520
0.000119565
0.000140142
0.000106236
0.000103187
0.000091264
0.000089625
0.000102685
0.000132989
0.000129141
0.000109048
0.000092190
0.000086830
0.000083853
0.000084512
0.000903081
0.000087071
0.000094411
0.000109421
0.000126948
0.000103862
0.000079913
0.000098882
0.000103362
0.000095343
0.000381947
0.000091845
0.000082995
0.000094309
0.000097074
0.000090005
0.000106288
0.000234232
0.000098265
0.000135923
0.000094468
0.000096955
0.000091000
0.000080540
0.000310755
0.000083992
0.000104417
0.000089353
0.000104714
0.000093032
0.000134391
0.000102905
0.000092127
0.000088279
0.000179936
0.000082741
0.000101147
0.000134705
0.000085401
0.000093830
0.000092909
0.000079293
0.000080725
0.000330741
0.000094709
0.000093547
0.000109715
0.000184864
0.000093625
0.000115863
0.000111275
0.000149022
0.000091151
0.000092385
0.000929251
0.000108327
0.000103371
0.000276124
0.000256016
0.000096930
0.000078969
0.000090991
0.000092695
0.000101773
0.000085541
0.000120629
0.000088836
0.000088249
0.000203795
0.000097249
0.000089845
0.000097526
0.000085669
0.000099372
0.000086695
0.000112267
0.000096012
0.000088468
0.000102942
0.000087555
0.000095367
0.000076706
0.000085704
0.000087990
0.000085480
0.000098784
0.000089134
0.000094453
0.001338583
0.000091090
0.000093037
0.000104339
0.000090017
0.000093291
0.001301397
0.000096072
0.000092103
0.000103568
0.000107697
0.000100960
0.000454885
0.000376146
0.000091105
0.000094020
0.000177713
0.000091972
0.000082037
0.000088714
0.000128413
0.000089163
0.000095409
0.000085912
0.000122636
0.000096729
0.000092747
0.000441247
0.000607840
0.000089879
0.000748640
0.000095616
0.000106447
0.000099097
0.000092988
0.000096854
0.000086667
0.000092471
0.000212985
0.000082395
0.000071802
0.000120996
0.000084227
0.000093038
0.000090334
0.000098788
0.000120086
0.000088937
0.000097766
0.000076789
0.000086453
0.000086671
0.000118803
0.000106779
0.000091476
0.000150494
0.000090599
0.000106328
0.000101566
0.000088569
0.000098295
0.000269344
0.000089583
0.000101386
0.000102442
0.000084797
0.000116515
0.000086059
0.000094173
0.000088209
0.000093751
0.000114960
0.000142775
0.000106843
0.000094757
0.000102352
0.000095944
0.000102730
0.000120753
0.000175451
0.000161766
0.000131032
0.000131441
0.000109866
0.000089680
0.000504630
0.000091754
0.000092573
0.000096429
0.000127531
0.000244427
0.000080180
0.000141074
0.000105129
0.000091031
0.000127405
0.000251038
0.000102972
0.000101902
0.000116851
0.000108959
0.000084656
0.000084689
0.000073696
0.000106978
0.000372114
0.000095765
0.000144979
0.000098743
0.000093748
0.000097987
0.000088945
0.000097715
0.000228948
0.000085012
0.000093939
0.000081089
0.000093217
0.000098834
0.000083649
0.000071007
0.000089312
0.000325442
0.000076933
0.000082172
0.000107916
0.000091848
0.000085187
0.000084406
0.000101747
0.000081757
0.000081788
0.000094419
0.000133174
0.000094759
0.000092778
0.000082410
0.000083479
0.000085800
0.000090816
0.000082535
0.000095363
0.000099356
0.000082638
0.000272886
0.000103410
0.000076789
0.000086330
0.000092116
0.000119276
0.000096119
0.000102768
0.000120027
