0.000158528
0.000180151
0.000167780
0.000105105
0.000095752
0.000156844
0.000106183
0.000088931
0.000116970
0.000126491
0.000110123
0.000111166
0.000096853
0.000096951
0.000077133
0.000113155
0.000099325
0.000138341
0.000095754
0.000172843
0.000104709
0.000104277
0.000142566
0.000144894
0.000129343
0.000115493
0.000131074
0.000141845
0.000107672
0.000158272
0.000122173
0.000126348
0.000118641
0.000106408
0.000102242
0.000121508
0.000118421
0.000108928
0.000095061
0.000095617
0.000113566
0.000107390
0.000114692
0.000122218
0.000117547
0.000109332
0.000299541
0.000108291
0.000096359
0.000071116
0.000153106
0.000109889
0.000152642
0.000113762
0.000095201
0.000090433
0.000084974
0.000083547
0.000163485
0.000133983
0.000123044
0.000113241
0.000126403
0.000120790
0.000138938
0.000120024
0.000225749
0.000123998
0.000111422
0.000124984
0.000123181
0.000099490
0.000117499
0.000129860
0.000125907
0.000121828
0.000102343
0.000118899
0.000105805
0.000077934
0.000107279
0.000122613
0.000127952
0.000106755
0.000123111
0.000105753
0.000106359
0.000112530
0.000107064
0.000116491
0.000121584
0.000130446
0.000108855
0.000121679
0.000124338
0.000110318
0.000078680
0.000096050
0.000151868
0.000101568
0.000131853
0.000108935
0.000106961
0.000089013
0.000094321
0.000154529
0.000141476
0.000116853
0.000138674
0.000138321
0.000113382
0.000176595
0.000101969
0.000509368
0.000159632
0.000110870
0.000200877
0.000122673
0.000117389
0.000114265
0.000102576
0.000119813
0.000108343
0.000095342
0.000090856
0.000110141
0.000116567
0.000189985
0.000120357
0.000094636
0.000116935
0.000102564
0.000084970
0.000110018
0.000125504
0.000129438
0.000107907
0.000172706
0.000143397
0.000108966
0.000099848
0.000086921
0.000118619
0.000094441
0.000126668
0.000101189
0.000098329
0.000125621
0.000127285
0.000193333
0.000179177
0.000107254
0.000119232
0.000152941
0.000113924
0.000122220
0.000182518
0.000124190
0.000119580
0.000117014
0.000121555
0.000114885
0.000145391
0.000136198
0.000141321
0.000158344
0.000120426
0.000099392
0.000114316
0.000102145
0.000133469
0.000119427
0.000125415
0.000145560
0.000114276
0.000152676
0.000127058
0.000119940
0.000118416
0.000105214
0.000080946
0.000072661
0.000124317
0.000124581
0.000166641
0.000125433
0.000127647
0.000121623
0.000283363
0.000117070
0.000121795
0.000110458
0.000132335
0.000128429
0.000132876
0.000129146
0.000142584
0.000110297
0.000132079
0.000162480
0.000110922
0.000124999
0.000131592
0.000109885
0.000152707
0.000122826
0.000105433
0.000089633
0.000109535
0.000118277
0.000114749
0.000091022
0.000098765
0.000081828
0.000095211
0.000114907
0.000101876
0.000097255
0.000072639
0.000094043
0.000113926
0.000134094
0.000078392
0.000085366
0.000082640
0.000122676
0.000080187
0.000091298
0.000093422
0.000117314
0.000149686
0.000158936
0.000107369
0.000120391
0.000110013
0.000154014
0.000131542
0.000206801
0.000109689
0.000118760
0.000139892
0.000124629
0.000121181
0.000121186
0.000156132
0.000127945
0.000136238
0.000208650
0.000160036
0.000219990
0.000159042
0.000150419
0.000155899
0.000122746
0.000186690
0.000188593
0.000134911
0.000114675
0.000114010
0.000139356
0.000142150
0.000313141
0.000146997
0.000155887
0.000141720
0.000123318
0.000147093
0.000140662
0.000143364
0.000162045
0.000162491
0.000136799
0.000134764
0.000137072
0.000118771
0.000122902
0.000107073
0.000091898
0.000073453
0.000097052
0.000129971
0.000117493
0.000094339
0.000094835
0.000117865
0.000114776
0.000143265
0.000106535
0.000112516
0.000120108
0.000234377
0.000120008
0.000138704
0.000099959
0.000097165
0.000125679
0.000104120
0.000123818
0.000118667
0.000111978
0.000097229
0.000104052
0.000139994
0.000148672
0.000114744
0.000127316
0.000175672
0.000120458
0.000121009
0.000125044
0.000149062
0.000100193
0.000110388
0.000108573
0.000112852
0.000124624
0.000126651
0.000125938
0.000118250
0.000117620
0.000271977
0.000157711
0.000121269
0.000119777
0.000142704
0.000173636
0.000127430
0.000122639
0.000129223
0.000122783
0.000098506
0.000134712
0.000165796
0.000132981
0.000096912
0.000115960
0.000087435
0.000091511
0.000095241
0.000125023
0.000111754
0.000137851
0.000130500
0.000145427
0.000278730
0.000098466
0.000116011
0.000134761
0.000136463
0.000150075
0.000114187
0.000112969
0.000115498
0.000109940
0.000101385
0.000179019
0.000124658
0.000125913
0.000189441
0.000123002
0.000130380
0.000106879
0.000096124
0.000170580
0.000111601
0.000135793
0.000112154
0.000123866
0.000117257
0.000169702
0.000119801
0.000178110
0.000109239
0.000125475
0.000104865
0.000120610
0.000128590
0.000107224
0.000127034
0.000145633
0.000097031
0.000090784
0.000110655
0.000106016
0.000131560
0.000151440
0.000210996
0.000184707
0.000121764
0.000110096
0.000112346
0.000116121
0.000115584
0.000175506
0.000129528
0.000131633
0.000172269
0.000117007
0.000121919
0.000101936
0.000126201
0.000122935
0.000182923
0.000109096
0.000155021
0.000102778
0.000124226
0.000134006
0.000132662
0.000116752
0.000150132
0.000118160
0.000131906
0.000100135
0.000135588
0.000118895
0.000103624
0.000115444
0.000095462
0.000108323
0.000099287
0.000173353
0.000119100
0.000101631
0.000103580
0.000110174
0.000128273
0.000167235
0.000129351
0.000135766
0.000131005
0.000121422
0.000133830
0.000748116
0.000128986
0.000121189
0.000126980
0.000137362
0.000144202
0.000123200
0.000145606
0.000124234
0.000103355
0.000216339
0.000111907
0.000094588
0.000089470
0.000092792
0.000087902
0.000135951
0.000087541
0.000162046
0.000117300
0.000116649
0.000146303
0.000140458
0.000112619
0.000200484
0.000121044
0.000131166
0.000164620
0.000116341
0.000125829
0.000104640
0.000105731
0.000125703
0.000110176
0.000104768
0.000090056
0.000087492
0.000094868
0.000096579
0.000120533
0.000102638
0.000096170
0.000081260
0.000095343
0.000111456
0.000112648
0.000160106
0.000125024
0.000118658
0.000118335
0.000117840
0.000156228
0.000127701
0.000113362
0.000123263
0.000195092
0.000110172
0.000125447
0.000120510
0.000089441
0.000144589
0.000097047
0.000114962
0.000118656
0.000124883
0.000134100
0.000171243
0.000115252
0.000108466
0.000133659
0.000121070
0.000123868
0.000157478
0.000195955
0.000169977
0.000150867
0.000139125
0.000110227
0.000120769
0.000221232
0.000116376
0.000112432
0.000133152
0.000137023
0.000112939
0.000100596
0.000208598
0.000111589
0.000103491
0.000140596
0.000114772
0.000251082
0.000107984
0.000096239
0.000127603
0.000109164
0.000090502
0.000089666
0.000127961
0.000113329
0.000127551
0.000116632
0.000111791
0.000106500
0.000126396
0.000097998
0.000112850
0.000116091
0.000186095
0.000133178
0.000096110
0.000102927
0.000099431
0.000090327
0.000087025
0.000096089
0.000090449
0.000078224
0.000102243
0.000115819
0.000084196
0.000083765
0.000078952
0.000089001
0.000081479
0.000079192
0.000137194
0.000104630
0.000102439
0.000122290
0.000115784
0.000081290
0.000087645
0.000105338
0.000086554
0.000068688
0.000124967
0.000106909
0.000122426
0.000112019
0.000095749
0.000079708
0.000081777
0.000176380
0.000126283
0.000116198
0.000157547
