0.000138532
0.000042892
0.000269053
0.000052144
0.000052728
0.000055437
0.000048897
0.000055110
0.000057247
0.000039074
0.000047598
0.000045682
0.000045311
0.000049387
0.000045975
0.000044710
0.000056179
0.000048856
0.000045913
0.000045046
0.000056501
0.000067016
0.000048890
0.000029586
0.000046357
0.000046034
0.000046490
0.000057299
0.000051117
0.000050622
0.000047819
0.000082866
0.000047722
0.000046648
0.000099336
0.000053888
0.000053423
0.000044982
0.000044399
0.000044325
0.000047192
0.000057722
0.000054122
0.000041658
0.000060284
0.000048956
0.000044350
0.000049379
0.000054919
0.000045535
0.000044016
0.000187607
0.000054060
0.000052275
0.000066673
0.000046680
0.000047733
0.000043323
0.000047857
0.000056990
0.000055994
0.000069090
0.000044670
0.000046822
0.000073396
0.000043874
0.000043723
0.000043828
0.000065266
0.000046245
0.000061452
0.000060854
0.000047318
0.000048620
0.000063011
0.000049424
0.000045804
0.000044404
0.000048128
0.000046204
0.000045393
0.000043876
0.000047711
0.000071006
0.000051927
0.000050444
0.000042980
0.000045982
0.000063992
0.000045483
0.000057934
0.000061427
0.000046641
0.000054656
0.000053232
0.000054165
0.000049349
0.000048044
0.000052729
0.000047194
0.000249874
0.000049216
0.000046294
0.000054181
0.000048826
0.000028835
0.000051379
0.000055506
0.000079686
0.000057413
0.000057747
0.000053983
0.000039930
0.000046482
0.000334392
0.000037926
0.000057007
0.000055302
0.000049156
0.000051541
0.000073617
0.000045169
0.000099020
0.000057769
0.000050452
0.000050499
0.000032892
0.000041610
0.000042191
0.000325396
0.000073684
0.000052399
0.000051559
0.000050922
0.000044072
0.000079026
0.000049368
0.000057173
0.000054685
0.000033674
0.000051391
0.000051245
0.000049565
0.000052291
0.000058640
0.000072556
0.000061119
0.000054340
0.000053928
0.000039871
0.000069232
0.000082605
0.000056874
0.000045045
0.000043408
0.000044051
0.000044064
0.000030373
0.000046202
0.000063011
0.000051380
0.000064251
0.000047393
0.000064439
0.000051495
0.000055420
0.000049760
0.000057144
0.000051711
0.000054235
0.000079828
0.000055920
0.000045542
0.000278637
0.000053119
0.000168755
0.000053207
0.000050778
0.000037407
0.000042236
0.000054398
0.000129211
0.000047420
0.000048670
0.000049895
0.000051180
0.000046842
0.000233246
0.000055041
0.000043066
0.000046306
0.000086507
0.000051818
0.000042929
0.000048991
0.000133208
0.000047016
0.000044004
0.000071846
0.000049435
0.000053340
0.000046457
0.000076081
0.000050792
0.000055087
0.000048177
0.000054844
0.000043404
0.000050193
0.000068034
0.000057821
0.000043093
0.000052487
0.000047109
0.000046143
0.000043882
0.000044525
0.000060831
0.000044860
0.000297625
0.000043353
0.000047792
0.000044583
0.000049506
0.000029384
0.000076471
0.000049587
0.000053224
0.000054728
0.000021053
0.000058987
0.000049704
0.000056054
0.000157847
0.000048218
0.000045426
0.000059615
0.000061547
0.000055540
0.000047935
0.000052399
0.000043424
0.000041624
0.000027526
0.000042634
0.000041374
0.000065762
0.000343515
0.000070350
0.000057411
0.000050867
0.000049398
0.000191987
0.000062160
0.000051343
0.000049908
0.000052119
0.000047586
0.000044384
0.000061163
0.000065702
0.000046512
0.000225620
0.000672895
0.000146097
0.000051532
0.000133070
0.000067762
0.000127794
0.000138753
0.000081561
0.000070683
0.000057396
0.000128141
0.000048965
0.000057414
0.000060565
0.000056961
0.000054898
0.000069035
0.000047278
0.000055143
0.000054259
0.000054212
0.000049463
0.000050443
0.000052806
0.000051399
0.000051822
0.000053431
0.000142903
0.000065018
0.000086618
0.000053066
0.000071313
0.000058896
0.000140165
0.000052620
0.000047716
0.000056767
0.000085953
0.000106208
0.000126407
0.000050713
0.000055773
0.000134155
0.000061274
0.000072097
0.000061466
0.000061804
0.000057153
0.000059998
0.000056903
0.000051901
0.000056576
0.000047784
0.000057952
0.000073595
0.000060204
0.000057722
0.000066084
0.000070903
0.000050228
0.000047843
0.000048293
0.000064321
0.000053446
0.000046246
0.000046467
0.000051525
0.000043849
0.000105510
0.000022557
0.000045008
0.000044651
0.000043999
0.000043570
0.000043625
0.000047539
0.000058576
0.000054990
0.000035446
0.000049533
0.000043158
0.000046088
0.000057241
0.000045455
0.000045846
0.000047331
0.000045154
0.000039513
0.000044355
0.000055134
0.000052383
0.000047633
0.000062702
0.000062611
0.000047997
0.000049354
0.000048404
0.000043845
0.000072665
0.000046140
0.000049633
0.000046296
0.000055995
0.000050102
0.000024547
0.000053437
0.000048332
0.000072663
0.000045834
0.000046615
0.000055146
0.000047312
0.000047224
0.000047137
0.000047547
0.000044666
0.000061807
0.000045672
0.000044735
0.000043391
0.000043491
0.000049957
0.000037196
0.000044712
0.000046724
0.000048349
0.000047260
0.000062412
0.000092774
0.000056154
0.000054216
0.000028445
0.000127009
0.000055857
0.000051155
0.000052167
0.000045518
0.000060521
0.000051919
0.000046409
0.000057762
0.000071632
0.000046637
0.000408517
0.000107771
0.000059442
0.000064214
0.000060712
0.000023566
0.000045180
0.000059568
0.000061347
0.000047365
0.000052489
0.000052629
0.000047879
0.000052198
0.000185685
0.000045088
0.000068400
0.000081168
0.000051830
0.000051796
0.000044754
0.000044147
0.000030249
0.000063179
0.000051539
0.000053566
0.000043284
0.000573200
0.000340666
0.000059429
0.000052697
0.000049946
0.000041002
0.000054452
0.000053320
0.000054471
0.000063066
0.000051587
0.000050770
0.000051645
0.000056132
0.000049012
0.000049133
0.000042296
0.000160404
0.000069879
0.000046324
0.000082500
0.000047470
0.000047879
0.000044712
0.000048803
0.000028658
0.000048024
0.000058090
0.000067590
0.000081120
0.000063135
0.000068373
0.000059797
0.000071288
0.000120691
0.000115052
0.000050377
0.000052951
0.000048401
0.000047415
0.000059864
0.000062744
0.000051218
0.000048019
0.000048541
0.000063099
0.000057573
0.000049902
0.000046741
0.000045757
0.000048430
0.000053097
0.000056998
0.000027423
0.000046135
0.000046246
0.000053462
0.000045706
0.000048524
0.000329646
0.000059029
0.000065288
0.000043311
0.000047201
0.000045822
0.000046059
0.000045459
0.000050122
0.000049692
0.000051247
0.000113857
0.000051984
0.000051406
0.000050752
0.000046516
0.000342142
0.000049216
0.000060676
0.000080062
0.000050324
0.000045208
0.000048082
0.000066490
0.000049342
0.000050904
0.000052366
0.000061977
0.000046336
0.000047560
0.000051823
0.000053956
0.000052382
0.000060497
0.000049277
0.000053894
0.000048901
0.000034996
0.000053953
0.000048054
0.000043166
0.000048498
0.000057222
0.000052259
0.000049206
0.000045371
0.000050576
0.000023649
0.000052030
0.000051204
0.000047603
0.000057902
0.000054500
0.000115334
0.000048263
0.000069454
0.000056155
0.000030507
0.000053683
0.000053072
0.000056991
0.000046011
0.000064207
0.000050770
0.000052098
0.000055796
0.000044128
0.000066748
0.000059908
0.000069822
0.000047414
0.000052815
0.000046286
0.000031919
0.000068151
0.000056410
0.000046627
0.000050010
0.000057402
0.000052665
0.000051586
0.000058012
0.000058580
0.000060136
0.000053629
0.000052031
0.000063010
0.000072862
0.000053150
0.000049934
0.000044549
0.000049274
0.000046491
0.000062614
0.000046677
0.000029248
0.000056037
0.000377198
0.000052893
0.000049350
0.000069272
0.000059168
0.000051338
0.000022972
0.000047257
0.000056942
0.000049887
0.000048589
0.000054129
0.000048925
0.000051461
0.000044316
0.000043693
0.000320457
0.000048971
0.000046220
0.000060150
0.000078524
0.000064028
0.000058794
0.000048240
0.000065555
0.000044368
0.000043721
0.000050780
0.000039597
0.000044575
0.000054387
0.000062022
0.000053698
0.000051363
0.000061461
0.000050190
0.000052392
0.000052791
0.000031050
0.000072929
0.000047164
0.000044512
0.000060850
0.000047812
0.000043834
0.000191073
0.000061627
0.000044422
0.000044039
0.000052533
0.000052776
0.000047028
0.000052702
0.000060846
0.000072868
0.000045514
0.000130696
0.000071795
0.000053865
0.000055287
0.000067328
0.000049579
0.000056698
0.000049396
0.000047319
0.000057952
0.000046569
0.000054862
0.000029869
0.000055570
0.000045514
0.000524636
0.000061781
0.000075983
0.000050679
0.000047746
0.000044920
0.000043153
0.000036219
0.000055985
0.000071744
0.000046474
0.000049193
0.000058059
0.000028346
0.000067645
0.000052335
0.000868299
0.000073248
0.000065334
0.000047977
0.000050428
0.000049945
0.000044450
0.000059699
0.000051807
0.000043700
0.000043908
0.000057996
0.000188507
0.000039647
0.000072180
0.000077190
0.000046600
0.000044271
0.000060682
0.000045310
0.000044878
0.000063521
0.000066429
0.000053100
0.000044440
0.000029253
0.000047816
0.000056633
0.000054476
0.000148959
0.000071112
0.000046984
0.000037218
0.000046010
0.000052198
0.000042713
0.000070529
0.000083662
0.000046623
0.000035317
0.000043123
0.000041283
0.000042926
0.000080052
0.000069034
0.000050952
0.000024130
0.000043971
0.000077026
0.000044584
0.000048464
0.000065758
0.000054272
0.000044533
0.000056407
0.000028617
0.000044230
0.000053868
0.000056272
0.000059069
0.000059993
0.000070605
0.000053354
0.000048134
0.000066518
0.000056274
0.000052514
0.000028971
0.000062977
0.000042900
0.000056242
0.000028204
0.000109897
0.000053278
0.000061795
0.000054669
0.000054286
0.000045918
0.000047724
0.000051030
0.000126141
0.000052830
0.000055383
0.000050154
0.000052849
0.000050974
0.000103375
0.000087019
0.000050784
0.000051299
0.000031217
0.000047907
0.000055323
0.000074443
0.000054961
0.000052287
0.000048159
0.000044144
0.000047799
0.000072744
0.000062607
0.000067219
0.000028259
0.000049019
0.000043793
0.000072722
0.000074406
0.000055607
0.000053952
0.000045126
0.000056700
0.000053282
0.000073868
0.000052782
0.000044537
0.000042695
0.000031158
0.000074428
0.000053480
0.000044744
0.000047358
0.000044348
0.000041844
0.000147856
0.000120516
0.000073624
0.000051527
0.000042275
0.000042883
0.000042095
0.000041142
0.000051113
0.000072275
0.000070683
0.000053057
0.000030838
0.000045626
0.000051670
0.000079386
0.000052802
0.000046672
0.000054937
0.000030535
0.000061857
0.000049283
0.000043280
0.000033865
0.000058676
0.000049890
0.000056376
0.000059827
0.000043849
0.000034536
0.000044144
0.000049475
0.000049995
0.000059929
0.000045421
0.000052999
0.000052101
0.000054191
0.000055787
0.000049977
0.000046267
0.000065431
0.000023436
0.000110934
0.000067644
0.000072666
0.000051496
0.000068861
0.000053716
