0.000056083
0.000029411
0.000041106
0.000036278
0.000037357
0.000041918
0.000035471
0.000038206
0.000043945
0.000027876
0.000033433
0.000034361
0.000032187
0.000033497
0.000032889
0.000034061
0.000039773
0.000034371
0.000031921
0.000033715
0.000041708
0.000046108
0.000034303
0.000063648
0.000033508
0.000033653
0.000034956
0.000036640
0.000035260
0.000033794
0.000034180
0.000026615
0.000032551
0.000035459
0.000047155
0.000034432
0.000033374
0.000027212
0.000031123
0.000032886
0.000032919
0.000033584
0.000032927
0.000026849
0.000035955
0.000034579
0.000032713
0.000034585
0.000050749
0.000032221
0.000032885
0.000037218
0.000037104
0.000030694
0.000048541
0.000034430
0.000033182
0.000032538
0.000034364
0.000035647
0.000039664
0.000049642
0.000033015
0.000031517
0.000033389
0.000031180
0.000031465
0.000032421
0.000038656
0.000032064
0.000039242
0.000036704
0.000033264
0.000033200
0.000033884
0.000033907
0.000031015
0.000032255
0.000044564
0.000032372
0.000034414
0.000031910
0.000250288
0.000049847
0.000038686
0.000036212
0.000031416
0.000033399
0.000037451
0.000030224
0.000042408
0.000038193
0.000032180
0.000038400
0.000036546
0.000039075
0.000034105
0.000034693
0.000037065
0.000033508
0.000029189
0.000035774
0.000031799
0.000032609
0.000032743
0.000056697
0.000036137
0.000039035
0.000036633
0.000039485
0.000041414
0.000039924
0.000026504
0.000035105
0.000038287
0.000090691
0.000040684
0.000036504
0.000034899
0.000034444
0.000032453
0.000030381
0.000036381
0.000036991
0.000031854
0.000029435
0.000027579
0.000029780
0.000030144
0.000032952
0.000046300
0.000038060
0.000033422
0.000031296
0.000030487
0.000033337
0.000031012
0.000041776
0.000039939
0.000030667
0.000033055
0.000030177
0.000031398
0.000034063
0.000040158
0.000042496
0.000048615
0.000044435
0.000032255
0.000022591
0.000039184
0.000050648
0.000035209
0.000031358
0.000031120
0.000030821
0.000032538
0.000075991
0.000034524
0.000039677
0.000031792
0.000031985
0.000033593
0.000042172
0.000033708
0.000037865
0.000031171
0.000036274
0.000033605
0.000037898
0.000042960
0.000037006
0.000034142
0.000067736
0.000034174
0.000081565
0.000039401
0.000033888
0.000025633
0.000030435
0.000038032
0.000030821
0.000038150
0.000032876
0.000031841
0.000032874
0.000030735
0.000032537
0.000049019
0.000031013
0.000031188
0.000034533
0.000033929
0.000030298
0.000031511
0.000034423
0.000036019
0.000030964
0.000032538
0.000030073
0.000041134
0.000034244
0.000059930
0.000035514
0.000038411
0.000033312
0.000039764
0.000028782
0.000035269
0.000041385
0.000036807
0.000033443
0.000040170
0.000032971
0.000033070
0.000032149
0.000032731
0.000039206
0.000032813
0.000043432
0.000032607
0.000031726
0.000032146
0.000039329
0.000055750
0.000040256
0.000033597
0.000037809
0.000033445
0.000026738
0.000038373
0.000038519
0.000033759
0.000032915
0.000032896
0.000030463
0.000037849
0.000031427
0.000035521
0.000029213
0.000032680
0.000028445
0.000028126
0.000097893
0.000027053
0.000026343
0.000096281
0.000050395
0.000041998
0.000033372
0.000035037
0.000030991
0.000080100
0.000038208
0.000037901
0.000032717
0.000034054
0.000034742
0.000028004
0.000037924
0.000044229
0.000034057
0.000071609
0.000105970
0.000047003
0.000035896
0.000072297
0.000052746
0.000070578
0.000080818
0.000068214
0.000051718
0.000050723
0.000043456
0.000031386
0.000050524
0.000051500
0.000049562
0.000050918
0.000034653
0.000032034
0.000051396
0.000049477
0.000050821
0.000038878
0.000050409
0.000048389
0.000038884
0.000034097
0.000050054
0.000073347
0.000039897
0.000043717
0.000048418
0.000058431
0.000065261
0.000079566
0.000039656
0.000042990
0.000050775
0.000067440
0.000062792
0.000112689
0.000038896
0.000051569
0.000465718
0.000046820
0.000064453
0.000051820
0.000052951
0.000098978
0.000049255
0.000053240
0.000044864
0.000047855
0.000036081
0.000050546
0.000062779
0.000108320
0.000042833
0.000065435
0.000046208
0.000033713
0.000034564
0.000033404
0.000042583
0.000035205
0.000033440
0.000033132
0.000033422
0.000031400
0.000025695
0.000025792
0.000032481
0.000032006
0.000032569
0.000031636
0.000033271
0.000033717
0.000032918
0.000043256
0.000026688
0.000033715
0.000031785
0.000033594
0.000033491
0.000032302
0.000032807
0.000032745
0.000032796
0.000034507
0.000033023
0.000039266
0.000036313
0.000034235
0.000040022
0.000039680
0.000034962
0.000037677
0.000034071
0.000032355
0.000043029
0.000035137
0.000037850
0.000032629
0.000033006
0.000034662
0.000032168
0.000033551
0.000034534
0.000047185
0.000032607
0.000033617
0.000039161
0.000030782
0.000032474
0.000030803
0.000033342
0.000036413
0.000038700
0.000031122
0.000025037
0.000030499
0.000031029
0.000033910
0.000033237
0.000033489
0.000034485
0.000033507
0.000032268
0.000037091
0.000035134
0.000034465
0.000033229
0.000067997
0.000042340
0.000036114
0.000035350
0.000037958
0.000036862
0.000032057
0.000030639
0.000034588
0.000049754
0.000043668
0.000033110
0.000032301
0.000041865
0.000039306
0.000035482
0.000073772
0.000024318
0.000032952
0.000032869
0.000038599
0.000033637
0.000036277
0.000032853
0.000031138
0.000031703
0.000034118
0.000032919
0.000039231
0.000032788
0.000034685
0.000031062
0.000028364
0.000032831
0.000140977
0.000044972
0.000032774
0.000095810
0.000032595
0.000220109
0.000049906
0.000039908
0.000033718
0.000031234
0.000023304
0.000038757
0.000035214
0.000032305
0.000037794
0.000031357
0.000033492
0.000031549
0.000034566
0.000031209
0.000030822
0.000032444
0.000037500
0.000044029
0.000078665
0.000053488
0.000034098
0.000033297
0.000032172
0.000034370
0.000056804
0.000035239
0.000049558
0.000041339
0.000042022
0.000041887
0.000042385
0.000049915
0.000042230
0.000045758
0.000051547
0.000033946
0.000036293
0.000031914
0.000035670
0.000035511
0.000039744
0.000036394
0.000034689
0.000035322
0.000042236
0.000042789
0.000034920
0.000032980
0.000033037
0.000034935
0.000042323
0.000037785
0.000062677
0.000032601
0.000034523
0.000033727
0.000033797
0.000036205
0.000042493
0.000038938
0.000051721
0.000037280
0.000034923
0.000033879
0.000033618
0.000034205
0.000034470
0.000034011
0.000036788
0.000044513
0.000035720
0.000037743
0.000034799
0.000033318
0.000042521
0.000035298
0.000038701
0.000061227
0.000034862
0.000032457
0.000034111
0.000035625
0.000038407
0.000033854
0.000038144
0.000039895
0.000086872
0.000035171
0.000035426
0.000036494
0.000036959
0.000041925
0.000033869
0.000034144
0.000035512
0.000031806
0.000037275
0.000032692
0.000039172
0.000035361
0.000038276
0.000035130
0.000034740
0.000034435
0.000034162
0.000033683
0.000035949
0.000034637
0.000033479
0.000037073
0.000038831
0.000043311
0.000034171
0.000043804
0.000037628
0.000076092
0.000035548
0.000029876
0.000039865
0.000032840
0.000042111
0.000031878
0.000038970
0.000039849
0.000028092
0.000040502
0.000051143
0.000042744
0.000030550
0.000031933
0.000033868
0.000036387
0.000041093
0.000035332
0.000029210
0.000043194
0.000036247
0.000033057
0.000031020
0.000038015
0.000037878
0.000036745
0.000036455
0.000033101
0.000040794
0.000045848
0.000033984
0.000035876
0.000031949
0.000035071
0.000034021
0.000041091
0.000033945
0.000054016
0.000034753
0.000040390
0.000034926
0.000036113
0.000049662
0.000038624
0.000030906
0.000033070
0.000032100
0.000031697
0.000030704
0.000033565
0.000035139
0.000034559
0.000031728
0.000030502
0.000033891
0.000045726
0.000037562
0.000031314
0.000037712
0.000043659
0.000056070
0.000036829
0.000034410
0.000053915
0.000032441
0.000028097
0.000033505
0.000639734
0.000035870
0.000039862
0.000044512
0.000040644
0.000032675
0.000032477
0.000033035
0.000034082
0.000037987
0.000547850
0.000041659
0.000032384
0.000032288
0.000039377
0.000033385
0.000032422
0.000034460
0.000038583
0.000032454
0.000034729
0.000038074
0.000032473
0.000032305
0.000041248
0.000037513
0.000042228
0.000033104
0.000042035
0.000063223
0.000036753
0.000034441
0.000042452
0.000033338
0.000031635
0.000030649
0.000030380
0.000036008
0.000033493
0.000035702
0.000186803
0.000035148
0.000031597
0.000037621
0.000037702
0.000038418
0.000029728
0.000031961
0.000028334
0.000026860
0.000020895
0.000037691
0.000039626
0.000032805
0.000030152
0.000038901
0.000053049
0.000039760
0.000029974
0.000043698
0.000041415
0.000040485
0.000030762
0.000028008
0.000033879
0.000027784
0.000037201
0.000032642
0.000027795
0.000028242
0.000037402
0.000028902
0.000024163
0.000043963
0.000069377
0.000032422
0.000029042
0.000043069
0.000031053
0.000027967
0.000030656
0.000046340
0.000035287
0.000030286
0.000056707
0.000034401
0.000036880
0.000032098
0.000035143
0.000037925
0.000030268
0.000021445
0.000030746
0.000037849
0.000027998
0.000046202
0.000038634
0.000030608
0.000023849
0.000029190
0.000027178
0.000029077
0.000039619
0.000049635
0.000032297
0.000026937
0.000028495
0.000038504
0.000032701
0.000030401
0.000040903
0.000035819
0.000028989
0.000037981
0.000042638
0.000030525
0.000034700
0.000042526
0.000059526
0.000037396
0.000039844
0.000036972
0.000033691
0.000037558
0.000038626
0.000034011
0.000049644
0.000043358
0.000030945
0.000038497
0.000059580
0.000038189
0.000030575
0.000042890
0.000029262
0.000035503
0.000031738
0.000031328
0.000032648
0.000034504
0.000036708
0.000037208
0.000030117
0.000033272
0.000032491
0.000154129
0.000036283
0.000032519
0.000032113
0.000663093
0.000034439
0.000034344
0.000048668
0.000037142
0.000035925
0.000033103
0.000032068
0.000032421
0.000032409
0.000044585
0.000046783
0.000046694
0.000034207
0.000032387
0.000061005
0.000059307
0.000041593
0.000038838
0.000035203
0.000038667
0.000035331
0.000038788
0.000033786
0.000029283
0.000032262
0.000043388
0.000042851
0.000031681
0.000031685
0.000032500
0.000030370
0.000029701
0.000041636
0.000074109
0.000044600
0.000037518
0.000031539
0.000030334
0.000031031
0.000029629
0.000031909
0.000041223
0.000037027
0.000036959
0.000037227
0.000028737
0.000036782
0.000096505
0.000033865
0.000032293
0.000039609
0.000041854
0.000036677
0.000033076
0.000028304
0.000940697
0.000043871
0.000033886
0.000038308
0.000039410
0.000033995
0.000023713
0.000027995
0.000034967
0.000031788
0.000036604
0.000029644
0.000037176
0.000034574
0.000036949
0.000037635
0.000031793
0.000033822
0.000038108
0.000020368
0.000037048
0.000039870
0.000037440
0.000032380
0.000040574
0.000038471
